1944750633
930663784
1548794679
26042000
1293176039
1330070449
951671798
1049685854
2039519616
1289968425
936805972
1522953654
1474146766
568704720
726739567
1406350033
2026928367
789011232
516210464
766338625
1807025327
330332888
1684642530
1058687053
1615216522
1426554726
982727057
2085536210
350687475
388680172
674362259
2063367320
1221702720
1256954365
1892262909
598793738
1809110876
33704381
1780486196
881041391
693035962
394289023
1760609966
807557055
1791893847
921690039
1603089375
1570922612
373273183
1400728064
650703730
233500646
984807468
635291080
155963493
1672139700
883062266
217511270
1100271389
1545454809
1272937976
1483000091
919533597
401774793
1919752722
1641838182
322520732
892102170
1343229032
1440339281
1659518698
619874153
1872134126
714125270
903867855
2102323035
625857660
128904150
1129538178
1364859160
1359666658
1616809757
93760595
587909828
308543738
96068319
2111132448
325403767
740104086
1728441541
118653841
1800256234
1995619356
1787466928
266142575
501189918
1659060982
98752973
1834240645
1815676907
786243055
1348959012
760977879
1575378871
1455533984
919011855
732574459
643258101
205623838
101792983
694742276
1727434811
822372250
1000831434
1325658597
789334438
232653796
1981867903
2103182582
2097542681
765666798
1558476992
1550455048
441684739
565449252
785658340
1033633974
12094887
1438307705
45166776
1847753708
707240217
100699917
1428132472
1986650948
285208235
247659655
1747745084
533429568
1372087539
1217596406
2015573781
1443017813
445028226
1995760810
650306953
1414138645
718545859
537335901
522638369
745529473
188515210
2103908216
315099271
1107204702
810623931
1785221612
1014130422
137745984
357153384
1617187936
2099470995
681593790
310341262
608607121
2117033250
1661513934
102259862
808841845
643107119
395415854
597588567
1230369099
578541948
1527566087
990136125
60881386
1197672425
598815378
1731380050
519769473
1102863120
925911766
1029664293
304311465
592494068
27664881
1770902789
943758584
1193326059
1345242450
793986022
582463532
1410877657
1385344332
1231411761
1607554500
1342916211
1437857081
1734094464
1262331681
1004470901
933754105
1567025755
1247061651
100249101
358068327
1129354004
1839509206
124332283
2059150009
1295709700
1965457868
679710528
1526647110
139749218
703124469
1921851549
1003624342
311525750
801006179
330795892
1722488923
125869317
765341750
188541820
1296860974
1425549891
1517623469
841134762
274120880
1733189143
797118328
1523392603
324521230
1118717278
444627862
318082905
742288867
2003145462
1516606717
1373940425
1137722723
830601968
1344160887
1976357259
1991417961
304496417
894914296
309968832
660144336
1094571423
1785046373
111011219
356049663
1190386557
1833015551
242712089
1881196069
326132197
1675208804
1098319498
1958026773
1498346520
816738367
1283903187
1078698062
1645759954
878074965
1577532613
541967895
1312179391
792166333
493965637
886403655
1229849133
938714382
446511116
1461035299
1424185464
695964617
1108323908
490071533
1141772419
603009177
1364910444
887818413
428136167
1965376777
1962977616
1835642946
133476679
106371812
1330666326
1786672257
2054282290
414708722
1198224680
1225056862
180644584
581185557
160927455
1208580027
295863455
49147311
1860451777
861234243
1168413398
569007748
1302474933
1457705976
566968281
2111534808
1677037695
1808927766
553614847
174012132
446494946
1920547473
1922772724
1182480224
1446571091
210143659
193779875
1955504233
742493471
7917896
504840220
597152922
2022074621
785621885
1431360022
139483053
480372744
1722429018
1427876944
755115739
1147774638
1501880251
91149200
1852054678
1484780268
849219321
1376520521
861039431
810506819
1500445832
1486367288
1723702663
2053910246
801733454
1636085636
480949128
1999329093
1766763951
1973802229
382531588
2112997406
251918546
304849359
130934659
1494109951
369911409
1999097230
1887513601
1524991812
2032033893
656552845
1353643315
361572333
1701776182
1206081044
848365008
355808993
1730406485
1165189965
2001856602
1145172149
157902398
1433587567
548722327
1996877627
1903502847
2098462734
1642675923
985672077
925349444
406417152
154340274
1577566492
1792079185
86798971
403696148
2055604235
522033438
1924121304
1112682241
1241726229
1774558428
1972120221
388208063
1638645037
63053971
554751657
2014537632
1800458232
1306345257
757109749
2068105752
1329582380
80265290
267617156
295201482
2019785781
1871522933
1166171984
1762143009
451103478
1074105755
688771395
1706321709
1581078784
2144759561
651646067
1177380562
1647762890
1473465803
1360476518
699536124
1023382553
1304940256
1879870103
706812640
1235107952
841499592
1649362609
1534547782
542024234
2140184045
1669201327
204533384
1540311532
1007807617
1466256311
1371117336
117505077
2144286396
1968210625
124462029
85980401
1995508774
386302138
1315419438
803195233
1025201715
509148860
1002691344
932983381
12076021
861999784
488505486
1213473649
1973990108
890988857
1944722709
978672159
621473403
653952463
1567830216
619421525
163321816
44479002
1551141513
1195541977
684262123
1352770166
732165662
1108650609
1152545440
721584063
1364418916
2023540640
1109910884
4510900
749200331
1012474306
1475727330
1379849937
1319160423
1540680606
695998207
1071267655
1702651954
393573836
309226874
319085441
519863856
708161928
1067696843
1923037879
1406555655
707191016
187147081
87775137
1677511175
204334269
1980318804
1218955908
481432452
624801921
222846451
817344052
1896933795
640842974
1178588541
169690462
1154320635
504628068
1764304435
236963896
81483866
268816130
243455336
680236942
2010424456
1492614700
1774789330
367373814
1736957818
326765796
1151366142
1309204764
555879737
1732910808
1345723107
1994612125
1049448141
1405632694
755440431
23622740
1767581118
1826828496
1099270387
319816537
248537384
1282180629
524285405
780695333
1628282325
892965973
672692600
1473769
37804802
1052756421
676833812
1092941899
1768503827
1900099363
1960689134
961663316
1508406497
1035281397
1929630049
1203210328
1896348480
25512673
511640331
1230337911
243336497
275818114
1302673648
2008579937
394815214
359689055
677978434
1395755797
1448436723
610944655
862117239
450499973
1966593558
1721124882
392999185
1072664980
924676690
1962046950
52456675
1908192748
2033678753
1192577391
1793803107
269713127
1292494286
768901919
991578620
1203713490
1990225963
1693640241
1229201160
1295862543
82097006
1672267689
1076690354
163223819
1490418322
1506440827
779648197
1367529495
419399148
1152157653
1094005172
666186901
341120645
1272017764
1519388286
1851965308
733201160
1519270500
611168291
641891217
609522419
1535375158
1524859654
585838101
617672642
24217160
934436383
1018692478
1831391073
1206931502
1675571669
826559219
2062100918
1543298168
2009306821
132387224
1533470793
967731276
1315776936
2088495063
1730157930
1662017516
152426569
1282824256
1849365564
751367419
369137703
1733912831
396650941
184487398
2082430780
1891903557
1688026241
1620443511
1586645512
1899409007
363059111
1377362468
1743538224
607995176
1753306528
418816461
1534449824
609962854
1602429282
1503521117
630994764
760560583
2117841301
615624428
418603609
990022083
1287277624
458327429
199073127
1725311707
1475502460
1552188653
1389037381
1569552411
506819405
733871789
1791792039
316078652
632782999
1504102931
363434401
491149054
291498713
749142959
897645189
1867689809
2066486851
1988005072
229884644
920198341
2038380045
2122049806
425309381
2135827677
1186150908
1818498802
1285395242
194585329
1905202028
1169201697
346130460
255226685
831778487
198470747
1977972442
937312055
2088934210
1498398869
894504736
2128492323
100841804
1591758402
1519310591
1285943054
255715305
1868731981
404124857
1767532730
1098382553
1960351566
470441925
1794637577
1305703572
1657695972
1013567220
899514289
331019340
2054982042
1059824509
1731435776
1919753254
1592180607
1060670854
1458660469
358465213
54325268
379836450
1681060097
206471128
722452121
1992533898
1651319049
1043854203
831504865
934669238
1801814474
592374040
438958827
837298117
161181876
1306338419
316010915
448128269
431866457
560742539
42281090
1504181225
1632882368
545286534
1167109882
241157665
1482800193
1774460210
517865267
1749710336
962432093
2013244062
744903528
677567847
87807884
382183459
834370994
1449217708
1065227390
1311072223
1065239798
1428883510
522471634
259044582
1496481152
309018144
1870713829
73934693
180905315
406493909
1391976172
1439794907
1048073190
1865566684
477623186
338569000
1296202890
1758708630
2114120884
1972837541
791552856
1042113223
1247572823
1553216170
2176119
782197623
126578451
499800428
1531410154
1626219799
995816931
1501294928
368800363
224405481
539225153
1491243457
1759411079
1656828247
243752981
1316297299
1813057782
493555269
1790098264
15159921
1555610967
19476858
911728863
265768747
1921735121
1157552428
286545466
111484775
1042192882
424369225
1317692892
771284856
649112802
1010131353
625240169
626366616
671000466
177501424
988753408
1152838458
423614392
546619650
1385979047
399966792
430981786
813047996
1932341405
634395598
848579221
96405620
377883673
1750901091
1185101428
1753619657
1031728964
1236320884
1085075032
2007154400
697927512
1233019772
1364872827
207755948
58434692
54858681
1498269765
386339485
770658101
2058598397
106779654
1389365519
327407237
1864510026
1011036233
1716198240
433625226
361949156
2042339201
1021892312
1901565712
682517158
470673666
1337996507
1318070400
382598832
667434845
850998840
1847079670
1403915822
1043357813
2046660561
1524465437
6326257
2013121388
1929377079
996646857
1196180208
169015675
1586362204
1221243739
2117963517
105420799
984555005
594671263
99824770
1100747279
676395035
1065755489
1542861835
2053747475
1944698193
751519081
2109097214
1887539846
748888052
1098844931
23942563
795065707
344532359
803722383
1178901530
1337354847
983263839
778318141
1766348391
419623012
1847658972
1677003811
2045449031
129924979
956333362
641152855
1244063712
1194094694
645063596
1831689058
1211997111
2118748532
707657894
1297295884
394129055
1992579511
573856925
1446365815
825205002
1965596266
652586480
1159016002
851800554
1781173668
2018310208
152830645
2033612177
1714363260
1844003829
2087540693
1136188306
1588817578
1343785741
961808655
2117608589
821231822
660507195
328488872
1836219734
681614059
62872385
1077498908
1272283612
30906725
1440613447
2116529443
1023247918
1781101680
1171889982
1787958513
2007244193
785367844
691196284
569613789
1582638210
1313242212
68316781
1133936791
1399596775
360463891
1566916971
215596304
1752062051
2094317208
1912031805
1134145757
1499476679
1347453344
1571106144
496498484
408059368
411950159
1737542908
265506380
1199286754
621076333
492942558
809878119
1322355912
397800171
1579078480
1913568967
561966605
1039543062
686930372
367959324
1836995653
1498853540
2122066831
292563545
86936179
1499911007
1851200775
1552554142
5954871
1289246246
1028339180
2088133485
1016789067
544099449
1594712966
140785830
822260715
79672134
1014573956
1510148930
476878333
1089581927
1734002823
1491567241
259925425
49357210
1605223111
1831244891
970100452
1635944623
1412362317
1676731308
491288510
898236356
476870851
172483366
986284629
133729233
1201567672
568229271
1367526409
1854797852
334479281
1361726109
1338040242
1358938146
1593258049
1425097173
1626724221
514895792
1544358387
1508164158
766735302
943469940
460072100
1361400151
1067356266
1174315422
1349195742
1369047146
149095196
1551988263
49992172
1506764795
1036294360
102115037
1163691463
499182345
929655794
893040000
144499185
329650320
1260147344
2038015195
1964684916
1508785513
1582040751
1289326707
1260403230
47781333
1754269368
1092870417
1653275807
394743294
1094795115
1826799728
210355322
1022029339
1032126408
372906675
1369086704
1453619358
1004152291
1042965278
653534083
1352428115
1443634099
587508295
1062899327
1142800137
1466956822
414539107
997406867
231097715
1044111627
203077413
2050120322
506037342
26246549
514985414
579075264
2031595861
1364183496
1827116182
1958126238
1450128628
323560976
636818584
1086519803
967591276
1323186098
390805068
1331055310
492398457
606997237
312580731
1351371530
1986530068
585342325
1297662718
1033604320
938563305
1088768975
1403776032
1328717028
1732307041
376281223
468219481
134107036
1700350862
1003087707
1455824583
1366854339
1308980028
51140856
298612998
888529818
320744934
544801795
2098010231
624906202
196736056
1114989137
1553296931
1727567554
1658364078
391252543
1535612082
607046306
1558830215
1494744316
2055453728
1329895854
577841232
364991802
735998707
1978136379
1042261403
1972969098
853270670
892352682
2121387166
500261407
225474816
1290168941
2126047466
717177145
975208108
1909588576
581138221
469595607
1016137901
1992204814
1928420411
140992493
726250721
1950928155
2002810293
1947517040
1658690133
1951944486
2033477616
157539256
1843855837
1591125780
810661910
